# The adjacency matrix, the number of edges between 2 species
# file	Anoxybacillus_flavithermus_WK1_ASM1904v1_genomic.g2d.faa	Bacillus_amyloliquefaciens_XH7_ASM22164v1_genomic.g2d.faa	Bacillus_anthracis_Ames_ASM83306v1_genomic.g2d.faa	Bacillus_clausii_KSM-K16_ASM982v1_genomic.g2d.faa	Bacillus_licheniformis_DSM_13___ATCC_14580_ASM842v1_genomic.g2d.faa	Bacillus_licheniformis_SCDB_14_ASM207409v1_genomic.g2d.faa	Bacillus_megaterium_DSM_319_ASM2580v1_genomic.g2d.faa	Bacillus_subtilis_subsp_subtilis_str_168_ASM904v1_genomic.g2d.faa	Bacillus_thuringiensis_BMB171_ASM9216v1_genomic.g2d.faa	Clostridioides_difficile_630_ASM920v1_genomic.g2d.faa	Clostridium_acetobutylicum_ATCC_824_ASM876v1_genomic.g2d.faa	Clostridium_beijerinckii_NCIMB_8052_ASM1696v1_genomic.g2d.faa	Clostridium_botulinum_A_str_ATCC_3502_ASM6358v1_genomic.g2d.faa	Clostridium_kluyveri_DSM_555_ASM1650v1_genomic.g2d.faa	Clostridium_novyi_NT_ASM1412v1_genomic.g2d.faa	Clostridium_perfringens_ATCC_13124_ASM1328v1_genomic.g2d.faa	Clostridium_tetani_E88_Massachusetts_substr_E88_ASM762v1_genomic.g2d.faa	Corynebacterium_glutamicum_CP_ASM144786v2_genomic.g2d.faa	Enterococcus_faecalis_V583_ASM778v1_genomic.g2d.faa	Geobacillus_kaustophilus_HTA426_ASM978v1_genomic.g2d.faa	Lactobacillus_acidophilus_NCFM_ASM1198v1_genomic.g2d.faa	Lactobacillus_brevis_ATCC_367_ASM1446v1_genomic.g2d.faa	Lactobacillus_casei_BL23_ASM2648v1_genomic.g2d.faa	Lactobacillus_delbrueckii_subsp_bulgaricus_ATCC_BAA-365_ASM1440v1_genomic.g2d.faa	Lactobacillus_fermentum_IFO_3956_ASM1014v1_genomic.g2d.faa	Lactobacillus_helveticus_DPC_4571_ASM1538v1_genomic.g2d.faa	Lactobacillus_johnsonii_NCC_533_ASM806v1_genomic.g2d.faa	Lactobacillus_pentosus_BGM48_ASM285001v1_genomic.g2d.faa	Lactobacillus_plantarum_WCFS1_NCIMB8826_ASM20385v3_genomic.g2d.faa	Lactobacillus_reuteri_JCM_1112_ASM1000v1_genomic.g2d.faa	Lactobacillus_rhamnosus_GG_ASM335345v1_genomic.g2d.faa	Lactobacillus_sakei_DS4_ASM295365v1_genomic.g2d.faa	Lactobacillus_salivarius_UCC118_ASM892v1_genomic.g2d.faa	Lactococcus_lactis_subsp_cremoris_MG1363_ASM942v1_genomic.g2d.faa	Leuconostoc_mesenteroides_subsp_mesenteroides_ATCC_8293_ASM1444v1_genomic.g2d.faa	Oenococcus_oeni_PSU-1_ASM1438v1_genomic.g2d.faa	Paenibacillus_polymyxa_SQR-21_SQR21_ASM59798v1_genomic.g2d.faa	Pediococcus_pentosaceus_ATCC_25745_ASM1450v1_genomic.g2d.faa	Staphylococcus_aureus_subsp_aureus_NCTC_8325_ASM1342v1_genomic.g2d.faa	Streptococcus_agalactiae_2603V_R_ASM726v1_genomic.g2d.faa	Streptococcus_anginosus_J4211_ASM141263v1_genomic.g2d.faa	Streptococcus_dysgalactiae_subsp_equisimilis_GGS_124_ASM1070v1_genomic.g2d.faa	Streptococcus_equi_subsp_zooepidemicus_MGCS10565_MGCS10565_ATCC_BAA1716_ASM2076v1_genomic.g2d.faa	Streptococcus_gallolyticus_UCN34_ASM2718v1_genomic.g2d.faa	Streptococcus_gordonii_str_Challis_substr_CH1_ASM1700v1_genomic.g2d.faa	Streptococcus_intermedius_JTH08_ASM30680v1_genomic.g2d.faa	Streptococcus_lutetiensis_033_ASM44153v1_genomic.g2d.faa	Streptococcus_mitis_B6_ASM2716v1_genomic.g2d.faa	Streptococcus_mutans_UA159_ASM746v2_genomic.g2d.faa	Streptococcus_pneumoniae_D39_ASM1436v2_genomic.g2d.faa	Streptococcus_pyogenes_HSC5_ASM42204v1_genomic.g2d.faa	Streptococcus_pyogenes_MGAS5005_ASM1176v2_genomic.g2d.faa	Streptococcus_suis_P1_7_ASM9190v1_genomic.g2d.faa	Streptococcus_thermophilus_CNRZ1066_ASM1184v1_genomic.g2d.faa	Streptococcus_uberis_0140J_ASM954v1_genomic.g2d.faa	Tetragenococcus_halophilus_MJ4_ASM171281v1_genomic.g2d.faa	
Anoxybacillus_flavithermus_WK1_ASM1904v1_genomic.g2d.faa	0	1640	1860	1491	1776	1786	1891	1676	1738	869	966	1063	849	951	944	817	752	616	884	2026	298	701	777	674	745	650	625	912	844	773	801	767	756	856	720	583	1429	713	1025	796	740	727	698	573	757	702	782	762	782	773	730	735	706	690	719	859
Bacillus_amyloliquefaciens_XH7_ASM22164v1_genomic.g2d.faa	1640	0	2171	1893	2793	2767	2472	3120	2134	1008	1103	1227	992	995	886	884	761	691	1095	1781	338	860	944	721	837	688	718	1028	1035	814	954	886	876	942	847	680	1817	815	1258	915	811	804	748	639	862	780	870	833	887	840	777	794	785	769	821	970
Bacillus_anthracis_Ames_ASM83306v1_genomic.g2d.faa	1860	2171	0	1946	2355	2406	2694	2200	4159	1162	1206	1401	1152	1126	991	1052	900	783	1267	1844	370	986	1038	793	923	759	796	1185	1109	957	1109	1021	976	1074	904	711	2030	912	1340	1079	951	920	850	744	1007	908	976	974	994	972	904	927	877	837	887	1076
Bacillus_clausii_KSM-K16_ASM982v1_genomic.g2d.faa	1491	1893	1946	0	2103	2087	2048	2009	1912	1039	1027	1221	1003	948	864	897	784	736	1105	1666	320	804	991	662	819	779	685	999	1031	773	984	841	794	901	793	668	1696	758	1185	834	783	835	784	575	829	760	802	815	807	828	747	774	822	768	825	977
Bacillus_licheniformis_DSM_13___ATCC_14580_ASM842v1_genomic.g2d.faa	1776	2793	2355	2103	0	3968	2556	2958	2290	1095	1185	1340	1080	1085	940	976	830	744	1178	1890	379	877	1021	744	872	703	749	1096	1104	848	1019	938	923	1103	877	706	1969	853	1323	994	888	849	814	682	916	844	935	894	934	896	835	841	845	826	873	1048
Bacillus_licheniformis_SCDB_14_ASM207409v1_genomic.g2d.faa	1786	2767	2406	2087	3968	0	2559	2934	2305	1101	1177	1334	1077	1076	1006	967	824	737	1213	1880	355	924	994	757	883	704	757	1098	1094	860	1061	992	920	1019	884	709	1978	901	1317	983	869	854	820	699	923	849	930	903	940	908	848	852	840	799	869	1052
Bacillus_megaterium_DSM_319_ASM2580v1_genomic.g2d.faa	1891	2472	2694	2048	2556	2559	0	2518	2622	1172	1237	1495	1126	1158	1004	1045	903	821	1210	2062	375	952	1053	772	893	744	787	1141	1091	900	1082	994	975	1086	964	740	2102	891	1387	1051	922	912	847	734	974	910	979	933	983	959	898	923	874	845	910	1070
Bacillus_subtilis_subsp_subtilis_str_168_ASM904v1_genomic.g2d.faa	1676	3120	2200	2009	2958	2934	2518	0	2147	1042	1144	1320	1030	1011	889	906	785	734	1102	1857	331	847	990	664	810	680	720	1046	1082	799	971	895	850	938	847	716	1860	815	1266	877	804	856	770	614	852	779	835	832	845	831	765	776	835	791	865	986
Bacillus_thuringiensis_BMB171_ASM9216v1_genomic.g2d.faa	1738	2134	4159	1912	2290	2305	2622	2147	0	1186	1237	1416	1164	1144	998	1059	903	773	1215	1790	379	934	1039	800	901	763	807	1123	1115	920	1062	1007	989	1089	898	729	1992	873	1350	1051	953	917	858	742	994	929	961	954	985	966	889	906	871	835	886	1037
Clostridioides_difficile_630_ASM920v1_genomic.g2d.faa	869	1008	1162	1039	1095	1101	1172	1042	1186	0	1258	1585	1396	1304	1148	1241	1047	514	965	928	283	610	765	539	624	588	591	753	767	635	736	667	624	705	649	484	1117	617	728	729	713	670	645	514	710	667	691	721	719	678	638	649	655	600	673	799
Clostridium_acetobutylicum_ATCC_824_ASM876v1_genomic.g2d.faa	966	1103	1206	1027	1185	1177	1237	1144	1237	1258	0	1901	1457	1623	1330	1326	1160	564	834	1003	290	665	777	604	663	594	592	818	835	705	780	715	720	768	675	561	1284	672	773	712	690	666	655	539	773	677	714	693	767	703	639	643	675	654	685	766
Clostridium_beijerinckii_NCIMB_8052_ASM1696v1_genomic.g2d.faa	1063	1227	1401	1221	1340	1334	1495	1320	1416	1585	1901	0	1726	1842	1457	1628	1326	640	1034	1170	316	768	934	644	712	616	653	975	988	701	909	803	758	864	756	633	1507	724	858	831	779	793	754	595	829	781	789	770	845	819	724	723	798	724	843	893
Clostridium_botulinum_A_str_ATCC_3502_ASM6358v1_genomic.g2d.faa	849	992	1152	1003	1080	1077	1126	1030	1164	1396	1457	1726	0	1593	1384	1301	1355	514	833	958	240	602	703	510	594	516	529	719	751	597	697	634	605	648	567	501	1100	601	717	670	635	655	590	465	657	633	635	633	663	633	592	602	645	602	656	740
Clostridium_kluyveri_DSM_555_ASM1650v1_genomic.g2d.faa	951	995	1126	948	1085	1076	1158	1011	1144	1304	1623	1842	1593	0	1352	1211	1254	554	763	1000	225	577	714	505	692	512	501	706	725	636	671	597	620	687	595	492	1137	564	724	663	619	624	576	468	648	603	662	635	670	620	575	589	626	610	616	682
Clostridium_novyi_NT_ASM1412v1_genomic.g2d.faa	944	886	991	864	940	1006	1004	889	998	1148	1330	1457	1384	1352	0	1306	1263	504	698	877	228	538	611	515	538	500	489	619	622	569	610	587	574	603	526	438	946	533	666	635	601	616	575	425	619	591	603	602	608	595	609	597	596	566	600	650
Clostridium_perfringens_ATCC_13124_ASM1328v1_genomic.g2d.faa	817	884	1052	897	976	967	1045	906	1059	1241	1326	1628	1301	1211	1306	0	1156	505	896	872	266	632	723	564	599	557	583	705	706	642	715	659	648	656	587	509	1024	603	716	712	668	687	655	470	683	692	656	668	654	707	656	666	679	622	667	749
Clostridium_tetani_E88_Massachusetts_substr_E88_ASM762v1_genomic.g2d.faa	752	761	900	784	830	824	903	785	903	1047	1160	1326	1355	1254	1263	1156	0	441	641	808	218	478	550	437	464	440	435	549	546	509	538	506	508	575	452	394	859	464	567	536	516	550	505	360	522	498	507	508	518	508	506	514	509	488	532	588
Corynebacterium_glutamicum_CP_ASM144786v2_genomic.g2d.faa	616	691	783	736	744	737	821	734	773	514	564	640	514	554	504	505	441	0	550	705	189	457	560	426	534	416	399	581	598	475	538	467	464	594	512	403	732	445	600	486	443	469	449	333	488	430	474	452	477	470	421	427	478	464	470	523
Enterococcus_faecalis_V583_ASM778v1_genomic.g2d.faa	884	1095	1267	1105	1178	1213	1210	1102	1215	965	834	1034	833	763	698	896	641	550	0	921	425	1024	1286	829	1078	929	889	1248	1213	922	1250	1198	1022	1211	960	798	1110	1018	989	1159	1022	1071	985	731	1020	1013	1032	1016	1035	1029	1019	1038	987	919	1063	1362
Geobacillus_kaustophilus_HTA426_ASM978v1_genomic.g2d.faa	2026	1781	1844	1666	1890	1880	2062	1857	1790	928	1003	1170	958	1000	877	872	808	705	921	0	293	745	838	626	770	690	633	911	894	740	832	770	758	827	731	624	1466	702	1067	766	729	784	721	534	764	699	765	744	764	752	693	706	768	758	764	876
Lactobacillus_acidophilus_NCFM_ASM1198v1_genomic.g2d.faa	298	338	370	320	379	355	375	331	379	283	290	316	240	225	228	266	218	189	425	293	0	393	454	512	374	597	599	480	461	413	455	404	426	389	387	331	347	399	319	369	369	337	322	242	356	361	372	357	358	371	334	338	333	325	344	385
Lactobacillus_brevis_ATCC_367_ASM1446v1_genomic.g2d.faa	701	860	986	804	877	924	952	847	934	610	665	768	602	577	538	632	478	457	1024	745	393	0	1149	834	1078	850	893	1444	1382	1106	1161	1091	1013	935	975	867	855	1111	799	858	773	778	769	558	772	761	806	775	797	770	743	743	752	714	797	962
Lactobacillus_casei_BL23_ASM2648v1_genomic.g2d.faa	777	944	1038	991	1021	994	1053	990	1039	765	777	934	703	714	611	723	550	560	1286	838	454	1149	0	886	991	909	989	1405	1424	977	2290	1192	1090	1051	1048	957	930	1072	881	986	920	953	931	626	940	903	916	1277	972	917	881	878	940	859	997	1140
Lactobacillus_delbrueckii_subsp_bulgaricus_ATCC_BAA-365_ASM1440v1_genomic.g2d.faa	674	721	793	662	744	757	772	664	800	539	604	644	510	505	515	564	437	426	829	626	512	834	886	0	849	1107	1007	951	895	850	924	851	890	805	790	695	769	787	684	830	768	698	682	552	780	745	801	775	777	775	739	750	705	704	706	784
Lactobacillus_fermentum_IFO_3956_ASM1014v1_genomic.g2d.faa	745	837	923	819	872	883	893	810	901	624	663	712	594	692	538	599	464	534	1078	770	374	1078	991	849	0	1055	835	1228	1158	1211	1032	965	1049	932	983	799	800	974	773	850	771	798	720	566	787	739	860	780	802	772	748	751	733	787	761	905
Lactobacillus_helveticus_DPC_4571_ASM1538v1_genomic.g2d.faa	650	688	759	779	703	704	744	680	763	588	594	616	516	512	500	557	440	416	929	690	597	850	909	1107	1055	0	1090	1112	1036	907	916	825	873	890	769	685	697	793	671	737	727	721	710	528	727	709	746	786	751	722	689	700	722	773	696	806
Lactobacillus_johnsonii_NCC_533_ASM806v1_genomic.g2d.faa	625	718	796	685	749	757	787	720	807	591	592	653	529	501	489	583	435	399	889	633	599	893	989	1007	835	1090	0	1029	1016	889	1002	906	919	814	836	707	727	864	709	795	798	738	706	513	777	770	774	771	776	767	718	721	717	697	753	832
Lactobacillus_pentosus_BGM48_ASM285001v1_genomic.g2d.faa	912	1028	1185	999	1096	1098	1141	1046	1123	753	818	975	719	706	619	705	549	581	1248	911	480	1444	1405	951	1228	1112	1029	0	2336	1231	1426	1239	1255	1281	1180	963	1041	1279	953	962	932	926	884	668	950	881	950	952	984	931	839	852	908	868	924	1165
Lactobacillus_plantarum_WCFS1_NCIMB8826_ASM20385v3_genomic.g2d.faa	844	1035	1109	1031	1104	1094	1091	1082	1115	767	835	988	751	725	622	706	546	598	1213	894	461	1382	1424	895	1158	1036	1016	2336	0	1168	1390	1213	1207	1078	1122	946	1021	1196	949	961	934	946	889	660	949	876	914	949	958	922	839	847	938	885	980	1126
Lactobacillus_reuteri_JCM_1112_ASM1000v1_genomic.g2d.faa	773	814	957	773	848	860	900	799	920	635	705	701	597	636	569	642	509	475	922	740	413	1106	977	850	1211	907	889	1231	1168	0	1027	974	1039	842	912	765	829	976	781	835	777	730	712	558	765	753	798	816	780	762	722	731	761	736	739	1032
Lactobacillus_rhamnosus_GG_ASM335345v1_genomic.g2d.faa	801	954	1109	984	1019	1061	1082	971	1062	736	780	909	697	671	610	715	538	538	1250	832	455	1161	2290	924	1032	916	1002	1426	1390	1027	0	1235	1123	1080	1061	924	953	1092	874	993	923	946	921	662	930	900	935	918	973	916	871	877	897	832	973	1159
Lactobacillus_sakei_DS4_ASM295365v1_genomic.g2d.faa	767	886	1021	841	938	992	994	895	1007	667	715	803	634	597	587	659	506	467	1198	770	404	1091	1192	851	965	825	906	1239	1213	974	1235	0	1036	958	894	775	914	1086	823	922	853	856	832	588	858	843	863	819	882	830	835	846	811	775	854	1041
Lactobacillus_salivarius_UCC118_ASM892v1_genomic.g2d.faa	756	876	976	794	923	920	975	850	989	624	720	758	605	620	574	648	508	464	1022	758	426	1013	1090	890	1049	873	919	1255	1207	1039	1123	1036	0	946	940	784	867	1034	819	922	885	817	793	629	881	853	903	862	879	854	792	807	803	784	856	965
Lactococcus_lactis_subsp_cremoris_MG1363_ASM942v1_genomic.g2d.faa	856	942	1074	901	1103	1019	1086	938	1089	705	768	864	648	687	603	656	575	594	1211	827	389	935	1051	805	932	890	814	1281	1078	842	1080	958	946	0	957	782	976	893	902	1096	1012	992	939	755	1037	991	1057	1001	1073	997	987	985	968	973	1009	1016
Leuconostoc_mesenteroides_subsp_mesenteroides_ATCC_8293_ASM1444v1_genomic.g2d.faa	720	847	904	793	877	884	964	847	898	649	675	756	567	595	526	587	452	512	960	731	387	975	1048	790	983	769	836	1180	1122	912	1061	894	940	957	0	957	841	917	794	888	840	807	742	623	868	822	886	823	888	833	768	777	787	788	806	884
Oenococcus_oeni_PSU-1_ASM1438v1_genomic.g2d.faa	583	680	711	668	706	709	740	716	729	484	561	633	501	492	438	509	394	403	798	624	331	867	957	695	799	685	707	963	946	765	924	775	784	782	957	0	702	804	628	701	678	681	658	455	674	657	688	659	689	665	631	637	664	644	697	762
Paenibacillus_polymyxa_SQR-21_SQR21_ASM59798v1_genomic.g2d.faa	1429	1817	2030	1696	1969	1978	2102	1860	1992	1117	1284	1507	1100	1137	946	1024	859	732	1110	1466	347	855	930	769	800	697	727	1041	1021	829	953	914	867	976	841	702	0	812	1123	916	852	801	782	690	921	816	901	864	932	893	799	812	819	767	826	967
Pediococcus_pentosaceus_ATCC_25745_ASM1450v1_genomic.g2d.faa	713	815	912	758	853	901	891	815	873	617	672	724	601	564	533	603	464	445	1018	702	399	1111	1072	787	974	793	864	1279	1196	976	1092	1086	1034	893	917	804	812	0	785	829	796	753	722	554	792	768	800	762	788	773	733	737	736	712	776	943
Staphylococcus_aureus_subsp_aureus_NCTC_8325_ASM1342v1_genomic.g2d.faa	1025	1258	1340	1185	1323	1317	1387	1266	1350	728	773	858	717	724	666	716	567	600	989	1067	319	799	881	684	773	671	709	953	949	781	874	823	819	902	794	628	1123	785	0	895	790	795	735	586	849	786	803	806	819	808	772	790	753	756	791	934
Streptococcus_agalactiae_2603V_R_ASM726v1_genomic.g2d.faa	796	915	1079	834	994	983	1051	877	1051	729	712	831	670	663	635	712	536	486	1159	766	369	858	986	830	850	737	795	962	961	835	993	922	922	1096	888	701	916	829	895	0	1237	1359	1230	901	1211	1155	1252	1233	1211	1225	1276	1317	1127	1032	1225	998
Streptococcus_anginosus_J4211_ASM141263v1_genomic.g2d.faa	740	811	951	783	888	869	922	804	953	713	690	779	635	619	601	668	516	443	1022	729	369	773	920	768	771	727	798	932	934	777	923	853	885	1012	840	678	852	796	790	1237	0	1131	1083	833	1333	1408	1141	1223	1195	1194	1073	1103	1122	1031	1102	935
Streptococcus_dysgalactiae_subsp_equisimilis_GGS_124_ASM1070v1_genomic.g2d.faa	727	804	920	835	849	854	912	856	917	670	666	793	655	624	616	687	550	469	1071	784	337	778	953	698	798	721	738	926	946	730	946	856	817	992	807	681	801	753	795	1359	1131	0	1354	765	1162	1118	1113	1091	1114	1120	1402	1445	1162	1028	1276	944
Streptococcus_equi_subsp_zooepidemicus_MGCS10565_MGCS10565_ATCC_BAA1716_ASM2076v1_genomic.g2d.faa	698	748	850	784	814	820	847	770	858	645	655	754	590	576	575	655	505	449	985	721	322	769	931	682	720	710	706	884	889	712	921	832	793	939	742	658	782	722	735	1230	1083	1354	0	775	1095	1082	1052	1078	1090	1086	1263	1275	1093	967	1160	897
Streptococcus_gallolyticus_UCN34_ASM2718v1_genomic.g2d.faa	573	639	744	575	682	699	734	614	742	514	539	595	465	468	425	470	360	333	731	534	242	558	626	552	566	528	513	668	660	558	662	588	629	755	623	455	690	554	586	901	833	765	775	0	856	789	945	820	911	807	789	805	714	720	756	656
Streptococcus_gordonii_str_Challis_substr_CH1_ASM1700v1_genomic.g2d.faa	757	862	1007	829	916	923	974	852	994	710	773	829	657	648	619	683	522	488	1020	764	356	772	940	780	787	727	777	950	949	765	930	858	881	1037	868	674	921	792	849	1211	1333	1162	1095	856	0	1356	1180	1337	1256	1286	1120	1149	1175	1086	1110	949
Streptococcus_intermedius_JTH08_ASM30680v1_genomic.g2d.faa	702	780	908	760	844	849	910	779	929	667	677	781	633	603	591	692	498	430	1013	699	361	761	903	745	739	709	770	881	876	753	900	843	853	991	822	657	816	768	786	1155	1408	1118	1082	789	1356	0	1106	1194	1168	1209	1078	1102	1115	994	1061	922
Streptococcus_lutetiensis_033_ASM44153v1_genomic.g2d.faa	782	870	976	802	935	930	979	835	961	691	714	789	635	662	603	656	507	474	1032	765	372	806	916	801	860	746	774	950	914	798	935	863	903	1057	886	688	901	800	803	1252	1141	1113	1052	945	1180	1106	0	1132	1194	1113	1088	1103	1058	1071	1102	939
Streptococcus_mitis_B6_ASM2716v1_genomic.g2d.faa	762	833	974	815	894	903	933	832	954	721	693	770	633	635	602	668	508	452	1016	744	357	775	1277	775	780	786	771	952	949	816	918	819	862	1001	823	659	864	762	806	1233	1223	1091	1078	820	1337	1194	1132	0	1142	1439	1070	1100	1130	1049	1052	921
Streptococcus_mutans_UA159_ASM746v2_genomic.g2d.faa	782	887	994	807	934	940	983	845	985	719	767	845	663	670	608	654	518	477	1035	764	358	797	972	777	802	751	776	984	958	780	973	882	879	1073	888	689	932	788	819	1211	1195	1114	1090	911	1256	1168	1194	1142	0	1131	1081	1119	1065	1093	1116	976
Streptococcus_pneumoniae_D39_ASM1436v2_genomic.g2d.faa	773	840	972	828	896	908	959	831	966	678	703	819	633	620	595	707	508	470	1029	752	371	770	917	775	772	722	767	931	922	762	916	830	854	997	833	665	893	773	808	1225	1194	1120	1086	807	1286	1209	1113	1439	1131	0	1082	1106	1169	1036	1078	908
Streptococcus_pyogenes_HSC5_ASM42204v1_genomic.g2d.faa	730	777	904	747	835	848	898	765	889	638	639	724	592	575	609	656	506	421	1019	693	334	743	881	739	748	689	718	839	839	722	871	835	792	987	768	631	799	733	772	1276	1073	1402	1263	789	1120	1078	1088	1070	1081	1082	0	1650	1029	937	1112	900
Streptococcus_pyogenes_MGAS5005_ASM1176v2_genomic.g2d.faa	735	794	927	774	841	852	923	776	906	649	643	723	602	589	597	666	514	427	1038	706	338	743	878	750	751	700	721	852	847	731	877	846	807	985	777	637	812	737	790	1317	1103	1445	1275	805	1149	1102	1103	1100	1119	1106	1650	0	1047	960	1129	923
Streptococcus_suis_P1_7_ASM9190v1_genomic.g2d.faa	706	785	877	822	845	840	874	835	871	655	675	798	645	626	596	679	509	478	987	768	333	752	940	705	733	722	717	908	938	761	897	811	803	968	787	664	819	736	753	1127	1122	1162	1093	714	1175	1115	1058	1130	1065	1169	1029	1047	0	1018	1146	903
Streptococcus_thermophilus_CNRZ1066_ASM1184v1_genomic.g2d.faa	690	769	837	768	826	799	845	791	835	600	654	724	602	610	566	622	488	464	919	758	325	714	859	704	787	773	697	868	885	736	832	775	784	973	788	644	767	712	756	1032	1031	1028	967	720	1086	994	1071	1049	1093	1036	937	960	1018	0	1010	858
Streptococcus_uberis_0140J_ASM954v1_genomic.g2d.faa	719	821	887	825	873	869	910	865	886	673	685	843	656	616	600	667	532	470	1063	764	344	797	997	706	761	696	753	924	980	739	973	854	856	1009	806	697	826	776	791	1225	1102	1276	1160	756	1110	1061	1102	1052	1116	1078	1112	1129	1146	1010	0	960
Tetragenococcus_halophilus_MJ4_ASM171281v1_genomic.g2d.faa	859	970	1076	977	1048	1052	1070	986	1037	799	766	893	740	682	650	749	588	523	1362	876	385	962	1140	784	905	806	832	1165	1126	1032	1159	1041	965	1016	884	762	967	943	934	998	935	944	897	656	949	922	939	921	976	908	900	923	903	858	960	0
# file	average number of edges
Anoxybacillus_flavithermus_WK1_ASM1904v1_genomic.g2d.faa	924.553571428571	
Bacillus_amyloliquefaciens_XH7_ASM22164v1_genomic.g2d.faa	1096	
Bacillus_anthracis_Ames_ASM83306v1_genomic.g2d.faa	1206.26785714286	
Bacillus_clausii_KSM-K16_ASM982v1_genomic.g2d.faa	1014.76785714286	
Bacillus_licheniformis_DSM_13___ATCC_14580_ASM842v1_genomic.g2d.faa	1181.42857142857	
Bacillus_licheniformis_SCDB_14_ASM207409v1_genomic.g2d.faa	1184.80357142857	
Bacillus_megaterium_DSM_319_ASM2580v1_genomic.g2d.faa	1200.82142857143	
Bacillus_subtilis_subsp_subtilis_str_168_ASM904v1_genomic.g2d.faa	1114.67857142857	
Bacillus_thuringiensis_BMB171_ASM9216v1_genomic.g2d.faa	1191	
Clostridioides_difficile_630_ASM920v1_genomic.g2d.faa	803.803571428571	
Clostridium_acetobutylicum_ATCC_824_ASM876v1_genomic.g2d.faa	855	
Clostridium_beijerinckii_NCIMB_8052_ASM1696v1_genomic.g2d.faa	973.839285714286	
Clostridium_botulinum_A_str_ATCC_3502_ASM6358v1_genomic.g2d.faa	795.125	
Clostridium_kluyveri_DSM_555_ASM1650v1_genomic.g2d.faa	792.071428571429	
Clostridium_novyi_NT_ASM1412v1_genomic.g2d.faa	725.732142857143	
Clostridium_perfringens_ATCC_13124_ASM1328v1_genomic.g2d.faa	775.535714285714	
Clostridium_tetani_E88_Massachusetts_substr_E88_ASM762v1_genomic.g2d.faa	643.696428571429	
Corynebacterium_glutamicum_CP_ASM144786v2_genomic.g2d.faa	522.678571428571	
Enterococcus_faecalis_V583_ASM778v1_genomic.g2d.faa	987.571428571429	
Geobacillus_kaustophilus_HTA426_ASM978v1_genomic.g2d.faa	956.107142857143	
Lactobacillus_acidophilus_NCFM_ASM1198v1_genomic.g2d.faa	352.339285714286	
Lactobacillus_brevis_ATCC_367_ASM1446v1_genomic.g2d.faa	822.232142857143	
Lactobacillus_casei_BL23_ASM2648v1_genomic.g2d.faa	947.125	
Lactobacillus_delbrueckii_subsp_bulgaricus_ATCC_BAA-365_ASM1440v1_genomic.g2d.faa	722.196428571429	
Lactobacillus_fermentum_IFO_3956_ASM1014v1_genomic.g2d.faa	806.553571428571	
Lactobacillus_helveticus_DPC_4571_ASM1538v1_genomic.g2d.faa	729.642857142857	
Lactobacillus_johnsonii_NCC_533_ASM806v1_genomic.g2d.faa	739.142857142857	
Lactobacillus_pentosus_BGM48_ASM285001v1_genomic.g2d.faa	993.232142857143	
Lactobacillus_plantarum_WCFS1_NCIMB8826_ASM20385v3_genomic.g2d.faa	977.160714285714	
Lactobacillus_reuteri_JCM_1112_ASM1000v1_genomic.g2d.faa	797.839285714286	
Lactobacillus_rhamnosus_GG_ASM335345v1_genomic.g2d.faa	944.821428571429	
Lactobacillus_sakei_DS4_ASM295365v1_genomic.g2d.faa	850.589285714286	
Lactobacillus_salivarius_UCC118_ASM892v1_genomic.g2d.faa	838.482142857143	
Lactococcus_lactis_subsp_cremoris_MG1363_ASM942v1_genomic.g2d.faa	902.589285714286	
Leuconostoc_mesenteroides_subsp_mesenteroides_ATCC_8293_ASM1444v1_genomic.g2d.faa	802.446428571429	
Oenococcus_oeni_PSU-1_ASM1438v1_genomic.g2d.faa	667.678571428571	
Paenibacillus_polymyxa_SQR-21_SQR21_ASM59798v1_genomic.g2d.faa	1048.51785714286	
Pediococcus_pentosaceus_ATCC_25745_ASM1450v1_genomic.g2d.faa	791.464285714286	
Staphylococcus_aureus_subsp_aureus_NCTC_8325_ASM1342v1_genomic.g2d.faa	849.839285714286	
Streptococcus_agalactiae_2603V_R_ASM726v1_genomic.g2d.faa	925.232142857143	
Streptococcus_anginosus_J4211_ASM141263v1_genomic.g2d.faa	869.25	
Streptococcus_dysgalactiae_subsp_equisimilis_GGS_124_ASM1070v1_genomic.g2d.faa	873.5	
Streptococcus_equi_subsp_zooepidemicus_MGCS10565_MGCS10565_ATCC_BAA1716_ASM2076v1_genomic.g2d.faa	827.285714285714	
Streptococcus_gallolyticus_UCN34_ASM2718v1_genomic.g2d.faa	630.196428571429	
Streptococcus_gordonii_str_Challis_substr_CH1_ASM1700v1_genomic.g2d.faa	894.660714285714	
Streptococcus_intermedius_JTH08_ASM30680v1_genomic.g2d.faa	848.857142857143	
Streptococcus_lutetiensis_033_ASM44153v1_genomic.g2d.faa	874.285714285714	
Streptococcus_mitis_B6_ASM2716v1_genomic.g2d.faa	876.875	
Streptococcus_mutans_UA159_ASM746v2_genomic.g2d.faa	886.017857142857	
Streptococcus_pneumoniae_D39_ASM1436v2_genomic.g2d.faa	870.607142857143	
Streptococcus_pyogenes_HSC5_ASM42204v1_genomic.g2d.faa	836.696428571429	
Streptococcus_pyogenes_MGAS5005_ASM1176v2_genomic.g2d.faa	849.892857142857	
Streptococcus_suis_P1_7_ASM9190v1_genomic.g2d.faa	833.767857142857	
Streptococcus_thermophilus_CNRZ1066_ASM1184v1_genomic.g2d.faa	793.5	
Streptococcus_uberis_0140J_ASM954v1_genomic.g2d.faa	855.428571428571	
Tetragenococcus_halophilus_MJ4_ASM171281v1_genomic.g2d.faa	894.642857142857	
# The 2-path matrix, the number of paths between 2 species of length 2
# file	Anoxybacillus_flavithermus_WK1_ASM1904v1_genomic.g2d.faa	Bacillus_amyloliquefaciens_XH7_ASM22164v1_genomic.g2d.faa	Bacillus_anthracis_Ames_ASM83306v1_genomic.g2d.faa	Bacillus_clausii_KSM-K16_ASM982v1_genomic.g2d.faa	Bacillus_licheniformis_DSM_13___ATCC_14580_ASM842v1_genomic.g2d.faa	Bacillus_licheniformis_SCDB_14_ASM207409v1_genomic.g2d.faa	Bacillus_megaterium_DSM_319_ASM2580v1_genomic.g2d.faa	Bacillus_subtilis_subsp_subtilis_str_168_ASM904v1_genomic.g2d.faa	Bacillus_thuringiensis_BMB171_ASM9216v1_genomic.g2d.faa	Clostridioides_difficile_630_ASM920v1_genomic.g2d.faa	Clostridium_acetobutylicum_ATCC_824_ASM876v1_genomic.g2d.faa	Clostridium_beijerinckii_NCIMB_8052_ASM1696v1_genomic.g2d.faa	Clostridium_botulinum_A_str_ATCC_3502_ASM6358v1_genomic.g2d.faa	Clostridium_kluyveri_DSM_555_ASM1650v1_genomic.g2d.faa	Clostridium_novyi_NT_ASM1412v1_genomic.g2d.faa	Clostridium_perfringens_ATCC_13124_ASM1328v1_genomic.g2d.faa	Clostridium_tetani_E88_Massachusetts_substr_E88_ASM762v1_genomic.g2d.faa	Corynebacterium_glutamicum_CP_ASM144786v2_genomic.g2d.faa	Enterococcus_faecalis_V583_ASM778v1_genomic.g2d.faa	Geobacillus_kaustophilus_HTA426_ASM978v1_genomic.g2d.faa	Lactobacillus_acidophilus_NCFM_ASM1198v1_genomic.g2d.faa	Lactobacillus_brevis_ATCC_367_ASM1446v1_genomic.g2d.faa	Lactobacillus_casei_BL23_ASM2648v1_genomic.g2d.faa	Lactobacillus_delbrueckii_subsp_bulgaricus_ATCC_BAA-365_ASM1440v1_genomic.g2d.faa	Lactobacillus_fermentum_IFO_3956_ASM1014v1_genomic.g2d.faa	Lactobacillus_helveticus_DPC_4571_ASM1538v1_genomic.g2d.faa	Lactobacillus_johnsonii_NCC_533_ASM806v1_genomic.g2d.faa	Lactobacillus_pentosus_BGM48_ASM285001v1_genomic.g2d.faa	Lactobacillus_plantarum_WCFS1_NCIMB8826_ASM20385v3_genomic.g2d.faa	Lactobacillus_reuteri_JCM_1112_ASM1000v1_genomic.g2d.faa	Lactobacillus_rhamnosus_GG_ASM335345v1_genomic.g2d.faa	Lactobacillus_sakei_DS4_ASM295365v1_genomic.g2d.faa	Lactobacillus_salivarius_UCC118_ASM892v1_genomic.g2d.faa	Lactococcus_lactis_subsp_cremoris_MG1363_ASM942v1_genomic.g2d.faa	Leuconostoc_mesenteroides_subsp_mesenteroides_ATCC_8293_ASM1444v1_genomic.g2d.faa	Oenococcus_oeni_PSU-1_ASM1438v1_genomic.g2d.faa	Paenibacillus_polymyxa_SQR-21_SQR21_ASM59798v1_genomic.g2d.faa	Pediococcus_pentosaceus_ATCC_25745_ASM1450v1_genomic.g2d.faa	Staphylococcus_aureus_subsp_aureus_NCTC_8325_ASM1342v1_genomic.g2d.faa	Streptococcus_agalactiae_2603V_R_ASM726v1_genomic.g2d.faa	Streptococcus_anginosus_J4211_ASM141263v1_genomic.g2d.faa	Streptococcus_dysgalactiae_subsp_equisimilis_GGS_124_ASM1070v1_genomic.g2d.faa	Streptococcus_equi_subsp_zooepidemicus_MGCS10565_MGCS10565_ATCC_BAA1716_ASM2076v1_genomic.g2d.faa	Streptococcus_gallolyticus_UCN34_ASM2718v1_genomic.g2d.faa	Streptococcus_gordonii_str_Challis_substr_CH1_ASM1700v1_genomic.g2d.faa	Streptococcus_intermedius_JTH08_ASM30680v1_genomic.g2d.faa	Streptococcus_lutetiensis_033_ASM44153v1_genomic.g2d.faa	Streptococcus_mitis_B6_ASM2716v1_genomic.g2d.faa	Streptococcus_mutans_UA159_ASM746v2_genomic.g2d.faa	Streptococcus_pneumoniae_D39_ASM1436v2_genomic.g2d.faa	Streptococcus_pyogenes_HSC5_ASM42204v1_genomic.g2d.faa	Streptococcus_pyogenes_MGAS5005_ASM1176v2_genomic.g2d.faa	Streptococcus_suis_P1_7_ASM9190v1_genomic.g2d.faa	Streptococcus_thermophilus_CNRZ1066_ASM1184v1_genomic.g2d.faa	Streptococcus_uberis_0140J_ASM954v1_genomic.g2d.faa	Tetragenococcus_halophilus_MJ4_ASM171281v1_genomic.g2d.faa	
Anoxybacillus_flavithermus_WK1_ASM1904v1_genomic.g2d.faa(0)	57391269	67129350	72155337	60445513	72312009	72424164	71660235	68481499	71652469	45288866	48157253	54880154	45011982	44707216	40428468	43075331	36218739	29617460	53015514	55559515	18337532	43566317	49862400	37567507	42492701	37827664	38458781	52376710	51801754	42003236	49865141	45131739	44254048	47873991	42393961	35203840	61720892	41750162	48097904	48366788	45144193	45352031	42862153	33295818	46705587	44079037	45670477	45638522	46335090	45430536	43358600	44059862	43511112	41471430	44619973	47743167
Bacillus_amyloliquefaciens_XH7_ASM22164v1_genomic.g2d.faa(1)	134258700	87832182	88375830	73554322	87320136	87636725	86920332	80092000	87045765	54137179	57597897	65676139	53627012	53592659	48632122	51360803	43266745	35610191	63108993	69676270	21757659	51739571	59261246	44631729	50527450	44881850	45624972	62557862	61625339	50089906	59378905	53802888	52620504	57157312	50435371	41868902	74771076	49739207	57898501	57321853	53502634	53681572	50783275	39549933	55305128	52184260	54188373	54143454	54929146	53922284	51392224	52179098	51565006	49130096	52874277	56992109
Bacillus_anthracis_Ames_ASM83306v1_genomic.g2d.faa(2)	144310674	176751660	104400271	79464743	95211736	95136401	93610822	90191311	85553884	59138065	63032195	71627430	58550861	58595802	53246825	56165379	47295161	38726970	68947833	75365630	23923931	56643774	65074508	49140362	55456887	49370394	50161445	68353884	67634677	54854446	64927777	58922352	57805824	62647332	55386368	46004262	80761392	54499782	63092342	62934757	58846676	59033260	55902046	43463301	60779178	57463218	59590404	59480565	60443468	59284056	56540120	57404660	56676066	54038050	58180044	62398065
Bacillus_clausii_KSM-K16_ASM982v1_genomic.g2d.faa(3)	120891026	147108644	158929486	69032107	79013506	79274055	78632537	74714914	78355370	49409311	52834474	59944349	49035722	49172142	44630476	47155631	39643122	32327631	57979600	62456487	20187500	47881583	54642725	41458822	46689120	41350380	42310083	57773410	56779144	46342159	54756651	49701441	48747671	52726553	46625013	38678172	67297842	46025996	52627768	53189186	49591538	49627749	46969643	36629210	51222924	48374596	50228170	50157641	50979263	49880817	47685006	48381312	47611842	45432983	48901428	52424768
Bacillus_licheniformis_DSM_13___ATCC_14580_ASM842v1_genomic.g2d.faa(4)	144624018	174640272	190423472	158027012	104235604	88641059	94255859	88628741	93911059	58313954	62074887	70679094	57759921	57714109	52536990	55239592	46595580	38321097	67928072	75194200	23303411	55773101	63615039	48061666	54376899	48315079	49068354	67233909	66212140	53894499	63873268	57909478	56597134	61094256	54300017	45037138	80560555	53545943	62435176	61608446	57459324	57757711	54564673	42577763	59522873	56096813	58279550	58236584	59161857	58026926	55271392	56163373	55424595	52795088	56870612	61271440
Bacillus_licheniformis_SCDB_14_ASM207409v1_genomic.g2d.faa(5)	144848328	175273450	190272802	158548110	177282118	104567687	94448193	88927241	94118310	58438923	62279229	70892848	57934912	57908632	52333337	55454967	46756007	38439702	67948685	75409852	23483564	55743917	64014614	48163154	54514749	48464919	49198787	67448188	66497377	54037658	63846538	57852837	56811741	61699091	54436854	45169548	80699071	53508974	62624282	61849103	57721432	57894480	54691829	42614356	59647413	56227257	58466795	58341709	59290110	58125529	55371254	56275719	55595150	53062574	57043248	61450302
Bacillus_megaterium_DSM_319_ASM2580v1_genomic.g2d.faa(6)	143320470	173840664	187221644	157265074	188511718	188896386	100057956	88725474	92495107	58690819	62584909	70813043	58324520	58180055	52942725	55836358	47025354	38364424	68591627	74082852	23691438	56258415	64460019	48752355	55093130	48993148	49724323	67953444	67139837	54538454	64498185	58460676	57236167	62028671	54740520	45574810	79796564	54123430	62407008	62429425	58388287	58577243	55446274	43070803	60343122	56879466	59067155	59096327	59955483	58781683	56050887	56891205	56265213	53613738	57676469	61951987
Bacillus_subtilis_subsp_subtilis_str_168_ASM904v1_genomic.g2d.faa(7)	136962998	160184000	180382622	149429828	177257482	177854482	177450948	91943070	88938133	55167167	58686546	66689909	54667408	54740404	49695394	52368486	44125265	36175668	64215678	70936145	22117271	52669803	60092632	45554455	51469161	45609552	46329722	63574241	62499618	50969137	60363916	54680459	53592838	58150755	51280495	42432772	76252046	50571302	59012997	58404134	54366511	54312137	51507930	40261675	56225913	52997974	55193624	55007927	55992807	54824711	52245254	53070990	52204408	49829622	53562244	57932336
Bacillus_thuringiensis_BMB171_ASM9216v1_genomic.g2d.faa(8)	143304938	174091530	171107768	156710740	187822118	188236620	184990214	177876266	101369318	58272735	62090008	70661409	57800142	57805147	52573732	55464803	46737342	38221461	68245931	74394320	23564121	56080497	64105966	48428520	54760739	48669381	49416364	67707460	66570159	54246769	64258336	58130711	56908210	61672640	54628959	45264959	79727237	53902664	62080681	62231549	58061721	58258060	55112256	42886201	60049222	56597621	58860549	58796950	59680049	58519102	55858246	56746249	55955186	53327504	57405001	61696475
Clostridioides_difficile_630_ASM920v1_genomic.g2d.faa(9)	90577732	108274358	118276130	98818622	116627908	116877846	117381638	110334334	116545470	40691131	41996260	47110849	38992661	39171305	35809378	37608017	32065020	24930890	44790870	46958936	15687340	37071425	42549986	32261699	36262632	32353454	32859819	44664686	44027154	35923669	42549593	38462505	37786466	40840128	36048156	30115954	51052680	35629870	40077627	41395731	38746991	39018696	36907350	28486783	40067267	37941447	39142740	39134211	39736913	39053869	37335841	37900713	37428533	35638812	38365344	40649913
Clostridium_acetobutylicum_ATCC_824_ASM876v1_genomic.g2d.faa(10)	96314506	115195794	126064390	105668948	124149774	124558458	125169818	117373092	124180016	83992520	46896054	49787025	41917536	41405389	38118814	40213322	34295578	26508930	47854437	50031277	16604646	39244485	45097346	34074577	38425824	34289852	34838336	47304272	46618525	38002506	44998981	40679773	39882978	43138739	38216882	31808692	54133373	37698512	42527567	43802681	41027485	41221842	38960707	30093483	42212896	40077792	41373901	41449522	41947532	41233735	39415251	40023760	39549314	37599620	40548575	43175680
Clostridium_beijerinckii_NCIMB_8052_ASM1696v1_genomic.g2d.faa(11)	109760308	131352278	143254860	119888698	141358188	141785696	141626086	133379818	141322818	94221698	99574050	60989707	47205128	46755989	43306243	45117968	38802871	30107268	54138110	56787694	18841617	44504418	51084642	38718667	43686658	39043128	39557041	53539089	52806931	43384643	51083548	46223115	45416085	49014590	43399117	36105165	61310320	42895885	48410759	49702104	46608060	46750575	44249998	34200187	48077742	45468205	47037438	47146144	47694458	46759811	44798376	45518167	44837238	42734507	45876893	48996087
Clostridium_botulinum_A_str_ATCC_3502_ASM6358v1_genomic.g2d.faa(12)	90023964	107254024	117101722	98071444	115519842	115869824	116649040	109334816	115600284	77985322	83835072	94410256	41589609	38975127	35737158	37831407	31846425	24711586	44255283	46524345	15385991	36281115	41762669	31592861	35562226	31769439	32227824	43777940	43129626	35295031	41675767	37706403	37020026	40104840	35460084	29430825	50757440	34895486	39482286	40556841	38017396	38137512	36174403	27936427	39269815	37108038	38377020	38409531	38976101	38242864	36547182	37092658	36617294	34841621	37542311	39975126
Clostridium_kluyveri_DSM_555_ASM1650v1_genomic.g2d.faa(13)	89414432	107185318	117191604	98344284	115428218	115817264	116360110	109480808	115610294	78342610	82810778	93511978	77950254	41559392	35771692	38006110	32055664	24602537	44237474	46429850	15342102	36207138	41503203	31489352	35192869	31656444	32146252	43658927	43044284	35084556	41572804	37632090	36846430	39847508	35276513	29351543	50619343	34850032	39364760	40362945	37855732	37994518	35997842	27825605	39110344	36988064	38140168	38213027	38791929	38093255	36378887	36903093	36476146	34672088	37449468	39943091
Clostridium_novyi_NT_ASM1412v1_genomic.g2d.faa(14)	80856936	97264244	106493650	89260952	105073980	104666674	105885450	99390788	105147464	71618756	76237628	86612486	71474316	71543384	34234671	34167064	29009312	22419099	40466326	42320993	14032266	33042790	38065052	28758991	32419818	28935079	29402652	39885456	39377586	32115174	37974131	34317765	33691900	36543926	32282765	26861494	46210676	31821896	35895006	37052178	34737480	34895586	33044801	25544855	35882483	33944066	35046467	35075735	35630262	34956910	33336493	33896358	33485448	31840600	34333734	36487907
Clostridium_perfringens_ATCC_13124_ASM1328v1_genomic.g2d.faa(15)	86150662	102721606	112330758	94311262	110479184	110909934	111672716	104736972	110929606	75216034	80426644	90235936	75662814	76012220	68334128	37854378	30713619	23844063	43070753	44619111	15111780	35498364	40915549	30960400	34843785	31164762	31594375	42901309	42341657	34467635	40834296	36909201	36205905	39275317	34716258	28860909	48709309	34222857	38202369	39838411	37392183	37542010	35535346	27442335	38602184	36450700	37700147	37763765	38347977	37479626	35929465	36466189	35964310	34225085	36935953	39086101
Clostridium_tetani_E88_Massachusetts_substr_E88_ASM762v1_genomic.g2d.faa(16)	72437478	86533490	94590322	79286244	93191160	93512014	94050708	88250530	93474684	64130040	68591156	77605742	63692850	64111328	58018624	61427238	27426019	19978175	35868192	37534485	12415236	29306355	33743557	25529024	28785966	25669302	26060533	35377616	34952026	28479152	33700031	30472592	29872441	32291176	28645799	23810167	41084651	28239636	31921596	32854521	30771495	30874241	29249888	22633069	31808563	30093401	31079394	31094213	31586812	30969112	29576094	30014234	29697930	28225276	30406404	32358994
Corynebacterium_glutamicum_CP_ASM144786v2_genomic.g2d.faa(17)	59234920	71220382	77453940	64655262	76642194	76879404	76728848	72351336	76442922	49861780	53017860	60214536	49423172	49205074	44838198	47688126	39956350	16419848	29803527	30546674	10476922	24736765	28280719	21417413	24057269	21634564	21948815	29803143	29277707	23894686	28334225	25590835	25133967	26956431	23988890	20015307	33179042	23750438	26323310	27454535	25738730	25804800	24429216	18876056	26499465	25129540	25948956	26027473	26327117	25825981	24751872	25135093	24702690	23536796	25369735	26938731
Enterococcus_faecalis_V583_ASM778v1_genomic.g2d.faa(18)	106031028	126217986	137895666	115959200	135856144	135897370	137183254	128431356	136491862	89581740	95708874	108276220	88510566	88474948	80932652	86141506	71736384	59607054	57475368	54769712	19974138	46803671	53558201	40847311	45468199	41046790	41786783	56312712	55457346	45338357	53620391	48057445	47564924	50849693	45540817	38014684	59664401	44926082	48440157	52142492	49123394	49307404	46823574	35867895	50599892	47953411	49380990	49678377	50106467	49188182	47291448	48010521	47147402	44902616	48313420	50121654
Geobacillus_kaustophilus_HTA426_ASM978v1_genomic.g2d.faa(19)	111119030	139352540	150731260	124912974	150388400	150819704	148165704	141872290	148788640	93917872	100062554	113575388	93048690	92859700	84641986	89238222	75068970	61093348	109539424	62166418	18939272	44905664	51396400	38918727	43848523	38933113	39689933	54221817	53447047	43515906	51519248	46659671	45720952	49588428	43804900	36292743	64229011	43194671	49825866	49995725	46584634	46599465	44141923	34444191	48151471	45458104	47170583	47139406	47873736	46939495	44809847	45506440	44732287	42604646	45940717	49358422
Lactobacillus_acidophilus_NCFM_ASM1198v1_genomic.g2d.faa(20)	36675064	43515318	47847862	40375000	46606822	46967128	47382876	44234542	47128242	31374680	33209292	37683234	30771982	30684204	28064532	30223560	24830472	20953844	39948276	37878544	7431303	16965382	19405828	14755887	16613584	14841112	15034711	20401417	20060488	16351001	19392324	17443281	17170470	18326686	16405258	13735417	20739926	16265346	17104613	18671225	17559233	17625257	16733548	12791280	18053493	17147633	17640631	17771378	17897339	17555911	16893590	17150611	16853757	16072192	17288746	18171653
